(drum_fills
   (480
      (a
         (240 0)
         (240 1)
         (360 0)
         (360 1)))
   (600
      (a
         (240 0)
         (240 1)
         (360 0)
         (360 1)
         (480 0)
         (480 1)))
   (720
      (a
         (240 0)
         (240 1)
         (360 0)
         (360 1)
         (480 0)
         (480 1)
         (600 0)
         (600 1)))
   (840
      (a
         (240 0)
         (240 1)
         (360 0)
         (360 1)
         (480 0)
         (480 1)
         (600 0)
         (600 1)
         (720 0)
         (720 1)))
   (960
      (sixteenths
         (0 1)
         (120 1)
         (240 1)
         (360 1)
         (480 1)
         (600 1)
         (720 1)
         (840 1))
      (toms
         (0 3)
         (120 3)
         (360 3)
         (480 2)
         (600 2)
         (720 2)))
   (1080
      (a
         (240 0)
         (240 1)
         (360 0)
         (360 1)
         (480 0)
         (480 1)
         (600 0)
         (600 1)
         (720 0)
         (720 1)
         (840 0)
         (840 1)
         (960 0)
         (960 1)))
   (1200
      (a
         (240 0)
         (240 1)
         (360 0)
         (360 1)
         (480 0)
         (480 1)
         (600 0)
         (600 1)
         (720 0)
         (720 1)
         (840 0)
         (840 1)
         (960 0)
         (960 1)
         (1080 0)
         (1080 1)))
   (1320
      (a
         (240 0)
         (240 1)
         (360 0)
         (360 1)
         (480 0)
         (480 1)
         (600 0)
         (600 1)
         (720 0)
         (720 1)
         (840 0)
         (840 1)
         (960 0)
         (960 1)
         (1080 0)
         (1080 1)
         (1200 0)
         (1200 1)))
   (1440
      (a
         (240 0)
         (240 1)
         (360 0)
         (360 1)
         (480 0)
         (480 1)
         (600 0)
         (600 1)
         (720 0)
         (720 1)
         (840 0)
         (840 1)
         (960 0)
         (960 1)
         (1080 0)
         (1080 1)
         (1200 0)
         (1200 1)
         (1320 0)
         (1320 1)))
   (1560
      (a
         (240 0)
         (240 1)
         (360 0)
         (360 1)
         (480 0)
         (480 1)
         (600 0)
         (600 1)
         (720 0)
         (720 1)
         (840 0)
         (840 1)
         (960 0)
         (960 1)
         (1080 0)
         (1080 1)
         (1200 0)
         (1200 1)
         (1320 0)
         (1320 1)
         (1440 0)
         (1440 1)))
   (1680
      (a
         (240 0)
         (240 1)
         (360 0)
         (360 1)
         (480 0)
         (480 1)
         (600 0)
         (600 1)
         (720 0)
         (720 1)
         (840 0)
         (840 1)
         (960 0)
         (960 1)
         (1080 0)
         (1080 1)
         (1200 0)
         (1200 1)
         (1320 0)
         (1320 1)
         (1440 0)
         (1440 1)
         (1560 0)
         (1560 1)))
   (1800
      (a
         (240 0)
         (240 1)
         (360 0)
         (360 1)
         (480 0)
         (480 1)
         (600 0)
         (600 1)
         (720 0)
         (720 1)
         (840 0)
         (840 1)
         (960 0)
         (960 1)
         (1080 0)
         (1080 1)
         (1200 0)
         (1200 1)
         (1320 0)
         (1320 1)
         (1440 0)
         (1440 1)
         (1560 0)
         (1560 1)
         (1680 0)
         (1680 1)))
   (1920
      (snare
         (0 1)
         (120 1)
         (240 1)
         (360 1)
         (480 1)
         (600 1)
         (720 1)
         (840 1)
         (1080 1)
         (1320 1)
         (1440 1)
         (1560 1)
         (1680 1))
      (toms
         (0 3)
         (120 3)
         (240 3)
         (360 3)
         (600 3)
         (720 3)
         (840 3)
         (960 3)
         (1200 3)
         (1320 3)
         (1440 3)
         (1560 3)
         (1680 3)))
   (2160
      (a
         (240 0)
         (240 1)
         (360 0)
         (360 1)
         (480 0)
         (480 1)
         (600 0)
         (600 1)
         (720 0)
         (720 1)
         (840 0)
         (840 1)
         (960 0)
         (960 1)
         (1080 0)
         (1080 1)
         (1200 0)
         (1200 1)
         (1320 0)
         (1320 1)
         (1440 0)
         (1440 1)
         (1560 0)
         (1560 1)
         (1680 0)
         (1680 1)
         (1800 0)
         (1800 1)
         (1920 0)
         (1920 1)
         (2040 0)
         (2040 1)))
   (2400
      (a
         (240 0)
         (240 1)
         (360 0)
         (360 1)
         (480 0)
         (480 1)
         (600 0)
         (600 1)
         (720 0)
         (720 1)
         (840 0)
         (840 1)
         (960 0)
         (960 1)
         (1080 0)
         (1080 1)
         (1200 0)
         (1200 1)
         (1320 0)
         (1320 1)
         (1440 0)
         (1440 1)
         (1560 0)
         (1560 1)
         (1680 0)
         (1680 1)
         (1800 0)
         (1800 1)
         (1920 0)
         (1920 1)
         (2040 0)
         (2040 1)
         (2160 0)
         (2160 1)
         (2280 0)
         (2280 1))))